Start: 0
Counter list: 0 0 0 0 0 0 0 0 0 0 
1000
1005
1002
1001
1007
1004
1008
1009
1006
1003
1010
1015
1012
1019
1014
1018
1011
1017
1013
1016
1020
1025
1022
1024
1021
1029
1027
1028
1026
1023
1030
1035
1039
1032
1034
1031
1037
1036
1038
1033
1040
1045
1042
1049
1041
1046
1044
1048
1047
1050
1043
1055
1052
1060
1059
1056
1051
1054
1057
1065
1058
1053
1070
1062
1069
1075
1061
1066
1068
1067
1064
1063
1080
1085
1072
1079
1077
1076
1078
1071
1074
1073
1090
1095
1082
1089
1081
1088
1087
1086
1084
1083
1100
1105
1092
1099
1098
1091
1096
1097
1094
1110
1093
1115
1102
1109
1120
1101
1108
1104
1106
1107
1103
1125
1112
1130
1119
1111
1117
1118
1114
1116
1135
1113
1140
1122
1121
1129
1145
1124
1127
1126
1128
1123
1150
1132
1155
1131
1139
1134
1136
1138
1137
1133
1160
1165
1142
1144
1141
1149
1146
1147
1148
1143
1170
1175
1152
1154
1151
1159
1158
1156
1157
1180
1153
1185
1162
1190
1169
1161
1164
1166
1167
1168
1163
1195
1200
1172
1176
1174
1179
1171
1177
1178
1173
1205
1210
1182
1189
1184
1181
1188
1215
1187
1186
1183
1220
1225
1192
1199
1191
1194
1196
1197
1198
1193
1230
1235
1209
1202
1201
1204
1206
1207
1208
1203
1240
1245
1219
1212
1214
1211
1216
1218
1217
1250
1213
1255
1229
1224
1222
1226
1228
1260
1221
1227
1223
1265
1270
1234
1239
1232
1236
1231
1238
1237
1275
1233
1280
1244
1249
1246
1248
1242
1285
1241
1247
1243
1290
1254
1295
1259
1256
1252
1251
1258
1257
1253
1300
1305
1264
1266
1269
1262
1261
1268
1267
1310
1263
1315
1274
1276
1278
1279
1271
1272
1320
1277
1273
1325
1284
1286
1330
1282
1288
1289
1281
1287
1283
1335
1340
1296
1294
1292
1299
1291
1298
1345
1297
1293
1350
1306
1304
1355
1302
1309
1301
1308
1307
1303
1360
1365
1314
1316
1312
1319
1311
1318
1313
1317
1370
1375
1324
1326
1329
1321
1322
1328
1327
1380
1323
1385
1334
1336
1339
1332
1390
1331
1338
1337
1333
1395
1346
1344
1400
1349
1342
1341
1348
1343
1347
1405
1410
1354
1356
1359
1352
1351
1415
1358
1357
1353
1420
1364
1366
1369
1425
1361
1362
1368
1367
1363
1430
1374
1435
1379
1376
1372
1371
1378
1377
1373
1440
1445
1384
1389
1386
1381
1382
1388
1387
1450
1383
1455
1394
1396
1399
1391
1460
1392
1397
1398
1393
1465
1404
1406
1409
1470
1401
1402
1407
1408
1475
1403
1416
1480
1414
1419
1411
1412
1485
1417
1418
1413
1490
1426
1429
1424
1495
1421
1422
1427
1428
1423
1500
1436
1505
1434
1439
1431
1432
1438
1437
1433
1510
1515
1446
1444
1449
1441
1442
1447
1448
1520
1443
1525
1456
1459
1454
1451
1457
1530
1452
1458
1453
1535
1466
1469
1464
1540
1461
1467
1545
1462
1468
1463
1476
1550
1479
1474
1555
1471
1477
1472
1473
1478
1560
1486
1565
1484
1489
1481
1487
1482
1483
1488
1570
1575
1496
1494
1499
1491
1493
1497
1492
1498
1580
1585
1506
1509
1504
1501
1507
1503
1590
1502
1508
1595
1516
1519
1514
1600
1511
1517
1513
1512
1605
1518
1526
1524
1610
1529
1521
1527
1615
1523
1522
1528
1620
1536
1534
1539
1625
1531
1533
1537
1532
1538
1630
1546
1635
1544
1549
1541
1543
1547
1542
1548
1640
1645
1556
1554
1559
1551
1553
1557
1552
1650
1558
1655
1566
1564
1569
1561
1563
1567
1660
1665
1562
1568
1576
1574
1579
1670
1571
1573
1577
1675
1572
1578
1586
1584
1680
1589
1583
1581
1685
1587
1582
1588
1596
1594
1690
1695
1599
1591
1593
1597
1592
1598
1700
1606
1705
1604
1609
1603
1601
1607
1602
1608
1710
1715
1616
1614
1619
1613
1611
1617
1612
1618
1720
1725
1626
1624
1623
1629
1621
1627
1622
1735
1730
1628
1636
1634
1639
1631
1633
1745
1740
1637
1632
1638
1646
1644
1755
1750
1649
1641
1643
1642
1647
1648
1654
1656
1765
1760
1659
1651
1653
1657
1652
1658
1664
1666
1775
1770
1669
1661
1663
1667
1662
1668
1785
1676
1780
1674
1679
1671
1673
1677
1672
1795
1678
1790
1684
1686
1689
1681
1683
1687
1682
1805
1800
1688
1696
1694
1699
1691
1693
1815
1697
1810
1692
1698
1704
1706
1709
1701
1825
1703
1820
1707
1702
1708
1716
1714
1719
1835
1830
1711
1713
1717
1712
1718
1724
1726
1729
1840
1845
1721
1723
1727
1722
1728
1734
1736
1850
1855
1739
1731
1733
1737
1732
1738
1865
1860
1744
1746
1749
1741
1743
1747
1875
1742
1870
1748
1754
1756
1759
1753
1751
1885
1757
1880
1752
1758
1764
1766
1769
1895
1763
1761
1890
1767
1762
1768
1776
1774
1779
1905
1900
1773
1771
1777
1772
1778
1786
1784
1915
1789
1910
1783
1781
1787
1782
1788
1925
1796
1920
1794
1799
1793
1791
1797
1792
1798
1935
1930
1806
1804
1809
1803
1801
1807
1802
1945
1940
1808
1814
1816
1819
1811
1813
1955
1812
1950
1817
1818
1826
1824
1829
1960
1965
1823
1821
1822
1827
1828
1836
1834
1839
1975
1970
1833
1832
1831
1837
1838
1849
1846
1844
1985
1980
1842
1847
1843
1841
1848
1990
1856
1995
1859
1854
1851
1853
1852
1857
2005
2000
1858
1866
1869
1864
1863
1861
1862
1867
2010
2015
1868
1876
1874
1879
1873
1871
2020
1872
1877
2025
1878
1884
1886
1889
2030
1883
2035
1882
1881
1887
1888
1894
1896
1899
2040
2045
1893
1891
1892
1897
1898
1904
1906
2050
1909
2055
1903
1902
1901
1907
1908
1914
1916
2060
2065
1919
1913
1911
1912
1917
2070
1918
1926
1924
2075
1929
1923
1921
1922
1927
2080
1928
2085
1934
1936
1939
1933
1931
2090
1932
1937
2095
1938
1946
1944
1949
1941
2100
1943
2105
1947
1942
1948
1956
1954
1959
2110
2115
1951
1953
1957
1952
1958
1966
1964
2120
1969
2125
1961
1967
1963
1962
1968
2130
1976
1974
2135
1979
1971
1977
1973
1972
1978
2140
2145
1986
1984
1989
1987
1981
1983
1982
1988
2150
2155
1996
1994
1999
1997
1991
2160
1993
2165
1998
1992
2006
2004
2009
2170
2007
2001
2175
2003
2008
2002
2016
2014
2019
2180
2185
2017
2011
2013
2018
2012
2024
2026
2190
2195
2029
2027
2021
2023
2028
2022
2036
2034
2200
2205
2039
2037
2033
2031
2038
2032
2210
2215
2044
2046
2049
2047
2043
2041
2048
2042
2220
2225
2056
2054
2059
2053
2057
2051
2230
2052
2235
2058
2064
2066
2069
2067
2240
2063
2245
2061
2062
2068
2074
2076
2079
2250
2255
2073
2077
2071
2078
2072
2084
2086
2260
2089
2265
2083
2087
2081
2088
2082
2094
2096
2270
2275
2099
2091
2093
2097
2098
2092
2280
2285
2104
2106
2109
2101
2103
2107
2108
2102
2295
2290
2114
2116
2119
2111
2113
2117
2305
2300
2112
2118
2124
2126
2129
2315
2121
2123
2310
2127
2122
2128
2134
2136
2139
2325
2320
2131
2133
2137
2138
2132
2144
2146
2335
2149
2330
2141
2147
2143
2148
2142
2154
2345
2156
2340
2159
2151
2157
2153
2158
2152
2355
2350
2164
2166
2169
2161
2163
2167
2168
2365
2360
2162
2174
2176
2179
2171
2173
2177
2375
2370
2178
2172
2184
2186
2189
2181
2385
2183
2380
2187
2188
2182
2194
2196
2199
2395
2390
2191
2193
2197
2198
2192
2204
2405
2206
2400
2209
2201
2203
2207
2208
2202
2415
2214
2216
2410
2219
2217
2211
2213
2218
2212
2425
2420
2224
2226
2229
2227
2223
2221
2228
2435
2222
2430
2234
2236
2239
2237
2231
2445
2233
2238
2440
2232
2244
2246
2249
2455
2247
2241
2450
2248
2243
2242
2256
2254
2465
2460
2259
2257
2251
2253
2258
2252
2266
2264
2475
2470
2269
2267
2261
2263
2268
2262
2485
2480
2276
2274
2279
2277
2271
2273
2278
2272
2490
2495
2286
2284
2289
2283
2287
2281
2288
2505
2500
2282
2296
2294
2299
2293
2291
2298
2515
2297
2510
2292
2306
2304
2309
2520
2525
2303
2301
2308
2307
2302
2316
2314
2535
2530
2319
2311
2318
2313
2317
2312
2324
2326
2545
2540
2329
2323
2328
2321
2327
2322
2336
2334
2550
2555
2339
2333
2338
2331
2337
2332
2560
2346
2565
2344
2349
2343
2348
2347
2341
2570
2342
2575
2356
2354
2359
2353
2358
2580
2357
2351
2585
2352
2366
2364
2590
2363
2595
2369
2368
2367
2361
2362
2376
2374
2600
2605
2373
2379
2378
2377
2371
2372
2386
2384
2610
2615
2383
2388
2389
2387
2381
2382
2396
2620
2625
2394
2393
2399
2398
2397
2391
2392
2630
2635
2406
2404
2403
2409
2408
2407
2640
2401
2645
2402
2416
2414
2418
2650
2419
2413
2655
2417
2411
2412
2426
2424
2660
2423
2429
2665
2428
2427
2421
2422
2436
2434
2670
2675
2433
2438
2439
2437
2431
2432
2446
2680
2444
2685
2443
2449
2448
2447
2441
2442
2456
2690
2454
2695
2453
2459
2458
2457
2451
2452
2466
2700
2705
2464
2463
2469
2468
2467
2461
2710
2462
2476
2715
2474
2473
2478
2479
2477
2720
2471
2725
2472
2486
2484
2483
2730
2489
2488
2487
2735
2481
2482
2496
2494
2740
2493
2745
2498
2499
2497
2491
2492
2506
2504
2750
2755
2503
2508
2509
2507
2501
2502
2516
2760
2514
2765
2513
2518
2519
2517
2512
2511
2526
2770
2775
2524
2523
2527
2528
2529
2522
2521
2536
2780
2785
2534
2533
2537
2538
2539
2532
2531
2790
2795
2546
2544
2543
2547
2548
2800
2542
2541
2549
2805
2556
2554
2810
2557
2553
2815
2558
2552
2551
2559
2566
2564
2820
2825
2563
2567
2568
2562
2561
2569
2576
2830
2574
2835
2573
2572
2578
2577
2571
2579
2586
2840
2845
2584
2582
2583
2587
2588
2581
2589
2850
2596
2855
2594
2592
2597
2593
2591
2598
2860
2599
2865
2606
2604
2870
2602
2603
2607
2601
2608
2609
2875
2616
2614
2880
2885
2613
2612
2611
2619
2617
2618
2626
2624
2890
2895
2623
2622
2621
2629
2627
2628
2636
2900
2634
2905
2632
2633
2631
2637
2639
2638
2910
2646
2915
2644
2642
2647
2643
2641
2649
2648
2920
2656
2925
2654
2652
2651
2657
2653
2930
2658
2659
2935
2666
2664
2662
2940
2661
2667
2663
2668
2669
2945
2676
2674
2950
2672
2677
2673
2671
2955
2678
2679
2686
2684
2960
2682
2687
2683
2965
2681
2688
2689
2696
2970
2694
2975
2697
2692
2693
2698
2691
2699
2980
2706
2704
2985
2707
2702
2703
2701
2708
2709
2990
2716
2995
2714
2712
2717
2713
2718
2711
3000
2719
2726
3005
2724
2727
2728
2722
3010
2721
2723
2729
3015
2736
2734
3020
2732
2738
2737
2731
2733
2739
3025
2746
3030
2744
2743
2748
2747
2742
3035
2741
2749
2756
3040
2754
3045
2752
2758
2753
2757
2751
2759
2766
3050
3055
2764
2762
2763
2768
2767
2769
2761
3060
2776
3065
2774
2772
2778
2773
2777
2771
2779
3070
2786
3075
2784
2782
2788
2783
2787
2781
3080
2789
3085
2796
2794
2792
3090
2798
2797
2793
3095
2791
2799
2806
2804
3100
2802
3105
2803
2807
2808
2801
2809
2816
2814
3110
3115
2812
2818
2817
2813
2819
2811
2826
3120
2824
3125
2822
2828
2823
2827
2821
2829
2836
3130
3135
2834
2832
2833
2837
2838
2839
2831
3140
3145
2846
2844
2842
2847
2843
2848
3150
2849
2841
3155
2856
2854
2852
2857
3160
2853
2858
2859
3165
2851
2866
2864
3170
2862
2867
3175
2863
2869
2868
2861
2876
2874
3180
3185
2877
2872
2873
2878
2879
2871
2886
3190
2884
3195
2882
2887
2883
2888
2889
2881
3200
2896
3205
2894
2892
2897
2893
2898
2899
2891
3210
3215
2906
2904
2907
2902
2903
2908
2909
3220
2901
3225
2916
2914
2917
2912
2913
3230
3235
2918
2911
2919
2924
2926
3240
2927
2922
3245
2923
2928
2921
2929
2934
2936
3250
3255
2937
2932
2933
2931
2938
2939
2944
2946
3260
3265
2947
2942
2943
2941
2948
2949
3270
2954
2956
3275
2957
2952
2953
2951
2958
3280
2959
2964
3285
2966
2967
2962
2963
2961
3290
2968
2969
3295
2974
2976
2977
2972
2973
3300
2971
3305
2978
2979
2984
2986
2987
3310
2982
2983
3315
2981
2988
2989
2994
2996
3320
2997
2992
3325
2993
2998
2991
2999
3004
3006
3330
3335
3007
3002
3003
3008
3001
3009
3014
3340
3016
3345
3017
3012
3013
3018
3011
3019
3350
3024
3355
3026
3022
3027
3023
3028
3021
3360
3029
3365
3034
3036
3032
3037
3033
3370
3031
3038
3375
3039
3044
3046
3042
3047
3380
3385
3043
3041
3048
3049
3054
3056
3390
3057
3052
3395
3053
3058
3051
3059
3064
3400
3066
3405
3067
3062
3063
3068
3061
3069
3410
3074
3415
3076
3077
3072
3073
3078
3071
3079
3420
3425
3084
3086
3087
3082
3083
3088
3081
3430
3435
3089
3094
3096
3097
3092
3093
3098
3440
3091
3445
3099
3104
3106
3107
3450
3103
3102
3455
3108
3101
3109
3114
3116
3460
3117
3465
3112
3113
3118
3111
3119
3124
3126
3470
3475
3127
3123
3122
3128
3121
3129
3134
3480
3485
3136
3137
3132
3133
3138
3131
3139
3490
3495
3144
3146
3147
3142
3143
3141
3148
3149
3500
3505
3154
3156
3157
3152
3153
3515
3158
3510
3151
3159
3164
3166
3167
3162
3163
3520
3525
3168
3161
3169
3176
3174
3177
3530
3535
3173
3172
3178
3171
3179
3186
3540
3184
3545
3187
3182
3183
3181
3189
3188
3555
3550
3196
3194
3197
3192
3193
3191
3199
3198
3565
3560
3204
3206
3207
3202
3203
3201
3209
3575
3570
3208
3214
3216
3217
3212
3585
3213
3211
3580
3219
3218
3224
3226
3227
3590
3222
3595
3223
3221
3229
3228
3234
3236
3605
3600
3232
3237
3231
3233
3239
3238
3246
3244
3610
3615
3242
3247
3241
3243
3249
3248
3620
3625
3256
3254
3252
3257
3251
3253
3259
3630
3258
3635
3266
3264
3262
3267
3261
3263
3640
3645
3269
3268
3276
3274
3272
3277
3271
3650
3655
3273
3279
3278
3286
3284
3660
3282
3665
3287
3281
3283
3289
3288
3296
3294
3670
3675
3292
3297
3291
3293
3299
3298
3680
3306
3685
3304
3302
3307
3301
3303
3309
3690
3308
3695
3316
3314
3312
3317
3311
3313
3700
3319
3705
3318
3324
3326
3322
3327
3323
3710
3321
3329
3715
3328
3336
3334
3332
3720
3337
3331
3333
3725
3339
3338
3346
3344
3730
3342
3347
3341
3735
3343
3349
3348
3740
3356
3354
3352
3745
3357
3351
3353
3359
3750
3358
3364
3366
3755
3362
3367
3361
3369
3363
3760
3374
3376
3368
3765
3372
3377
3373
3379
3371
3770
3775
3386
3384
3378
3382
3387
3780
3383
3389
3381
3785
3396
3394
3388
3392
3790
3397
3399
3393
3391
3795
3406
3398
3404
3800
3402
3407
3401
3409
3403
3805
3810
3416
3414
3408
3412
3411
3417
3419
3815
3413
3820
3426
3424
3418
3422
3825
3427
3421
3423
3429
3830
3428
3436
3434
3835
3432
3437
3431
3439
3433
3840
3438
3446
3444
3845
3447
3442
3441
3449
3850
3443
3855
3454
3448
3456
3860
3457
3459
3452
3451
3453
3865
3464
3458
3466
3870
3469
3467
3461
3462
3463
3875
3880
3468
3474
3476
3477
3479
3472
3471
3473
3885
3890
3478
3484
3486
3487
3489
3482
3895
3483
3481
3900
3494
3488
3496
3499
3905
3497
3492
3493
3491
3910
3504
3498
3506
3915
3509
3507
3502
3920
3503
3501
3925
3514
3516
3508
3517
3519
3930
3512
3513
3511
3935
3524
3526
3518
3940
3527
3529
3522
3521
3523
3945
3534
3536
3950
3528
3537
3539
3532
3531
3533
3955
3960
3546
3544
3538
3547
3549
3965
3542
3541
3543
3970
3556
3554
3548
3557
3559
3975
3552
3553
3551
3980
3566
3564
3558
3985
3567
3569
3562
3563
3990
3561
3576
3995
3568
3574
3577
3579
4000
3572
3573
3571
4005
3586
3578
3584
3587
4010
3589
3583
3582
3581
4015
3596
4020
3588
3594
3599
3597
3592
3593
3591
4025
4030
3606
3598
3604
3607
3609
3603
3602
3601
4035
4040
3616
3614
3608
3617
3619
3613
4045
3612
3611
4050
3626
3624
3618
4055
3627
3629
3623
3622
3621
4060
3636
4065
3634
3628
3637
3639
3633
4070
3632
3631
4075
3646
3644
4080
3638
3647
3649
3643
3641
3642
4085
3656
4090
3654
3648
3657
3659
3653
3651
3652
4095
4100
3666
3664
3667
3658
3669
3661
3663
3662
4105
4110
3676
3674
3677
3668
3679
3671
3673
4115
3672
4120
3686
3684
3687
3678
3689
3681
4125
3683
4130
3682
3696
3694
3697
3688
4135
4140
3691
3699
3693
3692
3706
4145
3704
3707
4150
3698
3703
3701
3709
3702
4155
3716
4160
3714
3717
3708
3713
3719
3711
3712
4165
4170
3726
3727
3724
3723
3718
3729
3721
3722
4175
4180
3736
3734
3737
3728
3739
3731
3733
3732
4185
4190
3746
3747
3744
3738
3743
3741
3749
4195
4200
3742
3756
3757
3754
4205
3759
3748
4210
3751
3753
3752
3766
4215
3767
3764
4220
3769
3758
3761
3763
3762
3776
4225
3774
4230
3777
3779
3768
3773
3771
3772
4235
3786
4240
3784
3787
3778
3789
3781
3783
3782
4245
4250
3796
3794
3797
3799
3788
3791
3793
4255
3792
4260
3806
3804
3807
3809
4265
3798
3801
3803
3802
4270
3816
3814
3817
3819
4275
3808
4280
3813
3811
3812
3826
3824
4285
3827
4290
3829
3818
3823
3821
3822
3836
4295
3834
4300
3837
3839
3828
3833
3831
3832
4305
4310
3846
3844
3847
3849
3838
3841
3843
3842
4315
4320
3856
3854
3857
3859
3848
3851
3853
3852
4330
4325
3866
3867
3864
3869
3858
3861
4340
4335
3863
3862
3876
3877
3874
3879
3868
4345
4350
3871
3873
3872
3886
3887
3884
4355
4360
3878
3889
3881
3883
3882
3896
4365
4370
3897
3894
3888
3899
3893
3891
3892
4375
4380
3906
3907
3904
3898
3909
3901
3903
3902
4385
4390
3916
3917
3914
3908
3919
3911
3912
4395
3913
4400
3926
3927
3924
3918
3929
4405
4410
3922
3923
3921
3937
3936
3934
3928
4420
3939
4415
3932
3933
3931
3947
3944
3946
4430
4425
3938
3949
3943
3942
3941
3957
4440
3954
3956
4435
3948
3959
3952
3953
3951
4450
4445
3967
3964
3966
3958
3969
3963
3962
3961
4460
4455
3977
3974
3976
3968
3979
3973
3972
3971
4470
4465
3987
3984
3986
3989
3978
3983
4480
3982
4475
3981
3994
3997
3996
3988
3999
4490
4485
3993
3992
3991
4004
4007
4006
4500
4495
3998
4009
4003
4002
4001
4014
4017
4510
4505
4016
4008
4019
4013
4012
4011
4520
4024
4515
4027
4026
4018
4023
4029
4022
4021
4530
4525
4034
4037
4036
4028
4033
4039
4032
4535
4031
4540
4044
4047
4046
4038
4049
4043
4545
4042
4550
4041
4054
4057
4056
4048
4053
4059
4555
4560
4052
4051
4064
4066
4067
4565
4570
4063
4058
4069
4062
4061
4575
4580
4074
4077
4076
4073
4068
4079
4072
4071
4590
4585
4084
4087
4086
4089
4083
4078
4082
4600
4081
4595
4094
4096
4097
4099
4093
4088
4610
4092
4605
4091
4104
4106
4107
4103
4109
4098
4620
4615
4102
4101
4114
4116
4117
4113
4630
4108
4119
4625
4112
4111
4124
4640
4635
4127
4123
4126
4129
4118
4122
4121
4650
4134
4645
4133
4139
4136
4137
4128
4132
4131
4660
4655
4144
4149
4147
4143
4146
4138
4142
4670
4665
4141
4154
4159
4153
4157
4148
4156
4152
4680
4675
4151
4164
4169
4163
4167
4158
4166
4162
4690
4685
4161
4174
4177
4168
4173
4179
4176
4695
4700
4172
4171
4184
4705
4187
4178
4710
4183
4189
4186
4182
4181
4194
4715
4720
4197
4199
4188
4196
4193
4192
4730
4725
4191
4204
4207
4203
4209
4198
4206
4202
4740
4735
4201
4214
4217
4213
4208
4216
4219
4212
4745
4750
4211
4224
4227
4223
4226
4218
4229
4755
4222
4760
4221
4234
4237
4233
4236
4228
4765
4239
4770
4232
4231
4247
4244
4775
4780
4238
4243
4246
4249
4242
4241
4785
4257
4254
4790
4253
4248
4256
4259
4252
4795
4251
4800
4264
4267
4266
4263
4258
4269
4262
4805
4810
4261
4274
4277
4276
4273
4268
4279
4272
4815
4820
4271
4284
4287
4283
4286
4278
4289
4282
4825
4830
4281
4294
4297
4296
4293
4288
4835
4299
4840
4292
4291
4304
4307
4303
4306
4845
4298
4850
4309
4302
4301
4314
4317
4855
4860
4313
4316
4308
4319
4312
4311
4865
4324
4327
4870
4323
4326
4329
4318
4322
4321
4875
4880
4334
4337
4336
4333
4339
4328
4332
4885
4890
4331
4344
4347
4346
4343
4349
4338
4895
4342
4900
4341
4354
4357
4356
4353
4905
4359
4348
4352
4910
4351
4364
4367
4915
4363
4366
4920
4369
4358
4362
4361
4374
4377
4925
4930
4373
4376
4379
4372
4368
4371
4935
4384
4940
4387
4383
4386
4389
4382
4378
4381
4945
4394
4950
4397
4393
4396
4399
4392
4388
4955
4391
4960
4404
4407
4403
4406
4409
4965
4402
4398
4401
4970
4414
4417
4413
4975
4416
4419
4980
4412
4408
4411
4424
4427
4985
4423
4426
4429
4990
4418
4422
4421
4434
4995
4437
5000
4433
4436
4439
4432
4428
4431
4444
5005
5010
4447
4446
4443
4449
4442
4438
4441
5015
4454
5020
4457
4456
4459
4453
4448
5025
4452
4451
5030
4464
4467
4469
4466
5035
4463
4458
5040
4462
4461
4474
4477
5045
4476
4479
4473
5050
4468
4472
4471
4484
5055
4487
4486
4489
5060
4483
4482
4478
4481
5065
4494
4497
4496
4499
5070
4493
4492
4488
4491
5075
4504
4507
5080
4506
4509
4503
4498
4502
5085
4501
4514
5090
4517
4516
4519
4513
4512
5095
4508
4511
5100
4524
4527
4526
4529
5105
4523
4522
4518
5110
4521
4534
4537
4536
4539
5115
4533
4532
4528
5120
4531
4544
4547
4546
5125
4549
5130
4543
4542
4538
4541
4554
5135
4556
4557
5140
4559
4552
4553
4548
4551
5145
4564
5150
4566
4567
4569
4562
4563
4558
5155
4561
4574
5160
4576
4577
4579
4572
5165
4573
4568
4571
5170
4584
4586
4587
4589
5175
4582
4578
4583
5180
4581
4594
4596
5185
4597
4599
4592
4588
4593
5190
4591
4604
5195
4606
4607
4609
4602
5200
4598
4603
4601
4614
5205
4616
4617
5210
4619
4612
4613
4608
4611
5215
4624
4626
5220
4627
4629
4622
4623
4618
5225
4621
4634
5230
4636
4637
4639
4632
4633
5235
4628
4631
4644
5240
4646
4649
4647
4642
4643
5245
4638
5250
4654
4641
4656
4659
4657
5255
4653
4652
5260
4648
4664
4651
4666
5265
4669
4667
4662
5270
4663
4658
4674
4661
4676
5275
4679
4677
5280
4672
4673
4668
4684
4671
5285
4686
5290
4689
4687
4682
4683
4678
4694
4681
5295
5300
4696
4699
4697
4693
4692
4688
5305
4704
4691
5310
4706
4709
4707
4703
4702
4698
5315
5320
4714
4701
4716
4719
4717
4713
4712
5325
5330
4708
4724
4711
4726
4729
5335
4727
5340
4722
4723
4718
4721
4734
4736
5345
4739
5350
4732
4737
4733
4728
4731
4744
4746
5355
5360
4749
4742
4747
4743
4738
4741
4754
5365
4756
5370
4759
4752
4757
4753
4748
4751
4764
5375
5380
4766
4762
4769
4767
4763
4758
5385
5390
4761
4774
4776
4772
4779
4777
5395
5400
4773
4768
4771
4784
4786
4789
4787
4782
5410
5405
4783
4778
4781
4794
4796
5420
4797
4799
4792
5415
4793
4788
4804
4791
4806
5430
5425
4807
4809
4802
4803
4798
4814
4801
4816
5440
5435
4812
4817
4819
4813
4808
4824
4811
5450
5445
4826
4822
4827
4829
4818
4823
4834
4821
5455
5460
4836
4837
4832
4839
4828
4833
5465
5470
4831
4844
4846
4847
4842
4849
5475
4838
5480
4843
4854
4841
4856
4857
4852
4859
5485
5490
4848
4853
4864
4851
4866
4862
4867
5500
5495
4869
4858
4863
4874
4861
4876
5505
5510
4872
4877
4868
4879
4873
4884
4871
5515
4886
5520
4882
4887
4878
4889
4883
4894
4881
5525
5530
4896
4892
4897
4888
4899
4893
5535
4904
5540
4891
4906
4902
4907
4909
4898
5545
4903
5550
4914
4901
4916
4912
4917
5555
5560
4919
4908
4913
4924
4911
4926
4922
5565
5570
4927
4929
4918
4934
4923
4921
4936
5580
4932
5575
4937
4939
4928
4944
4933
4931
4946
5590
5585
4942
4947
4949
4938
4954
4943
4941
5600
5595
4956
4952
4957
4959
4948
4964
4953
5610
5605
4951
4966
4962
4967
4969
4958
5620
4974
4963
5615
4961
4976
4972
4977
5630
4968
4979
5625
4984
4973
4971
4986
4982
5640
4987
5635
4989
4978
4994
4983
4981
4996
5650
4992
4997
5645
4999
4988
5004
4993
5660
4991
5006
5655
5002
5007
5009
4998
5003
5014
5670
5001
5665
5016
5017
5012
5019
5008
5680
5013
5024
5675
5011
5027
5026
5022
5690
5029
5023
5018
5034
5685
5021
5036
5037
5032
5700
5039
5695
5033
5028
5044
5031
5046
5042
5047
5710
5705
5049
5043
5038
5054
5041
5720
5056
5057
5052
5715
5059
5048
5053
5064
5730
5051
5066
5062
5067
5725
5069
5063
5074
5058
5740
5061
5076
5735
5077
5072
5068
5073
5079
5750
5084
5071
5745
5086
5082
5087
5760
5078
5083
5089
5094
5755
5081
5096
5092
5097
5770
5088
5093
5765
5099
5104
5091
5106
5102
5780
5107
5775
5103
5098
5109
5114
5101
5116
5790
5112
5117
5785
5113
5108
5119
5124
5800
5111
5126
5122
5795
5127
5123
5129
5118
5134
5810
5121
5136
5805
5132
5137
5128
5133
5139
5820
5144
5815
5131
5146
5142
5147
5830
5143
5138
5149
5154
5825
5141
5156
5152
5157
5840
5153
5148
5159
5835
5164
5151
5166
5162
5167
5850
5845
5158
5163
5169
5174
5176
5172
5860
5161
5177
5855
5168
5179
5184
5173
5870
5186
5182
5171
5865
5187
5178
5189
5194
5183
5880
5875
5196
5192
5181
5197
5188
5204
5199
5890
5193
5885
5206
5202
5191
5207
5900
5198
5209
5214
5203
5895
5216
5212
5201
5217
5910
5208
5905
5219
5224
5213
5226
5211
5222
5227
5920
5915
5218
5229
5234
5223
5236
5232
5221
5930
5237
5925
5228
5239
5244
5233
5246
5940
5242
5231
5935
5247
5238
5249
5254
5243
5950
5256
5945
5252
5257
5241
5248
5259
5264
5253
5960
5955
5266
5267
5262
5251
5258
5269
5274
5970
5263
5965
5276
5277
5272
5261
5980
5268
5279
5284
5975
5273
5286
5287
5282
5271
5990
5278
5985
5289
5294
5283
5296
5297
5281
5292
6000
5995
5288
5299
5293
5304
6010
5307
5306
5291
5302
6005
5298
5309
5314
5303
6020
5316
5317
6015
5301
5312
5308
5319
5324
5313
6030
6025
5326
5327
5311
5322
5318
6040
5334
5329
5323
6035
5336
5337
5321
5332
5328
6050
5344
5339
6045
5333
5347
5346
5331
5342
6060
5338
6055
5354
5349
5343
5357
5356
5341
6070
5352
6065
5348
5364
5359
5353
5367
6080
5366
5351
5362
6075
5358
5374
5369
5363
6090
5377
5376
5361
6085
5372
5368
5384
5379
6100
5373
5387
6095
5386
5371
5382
5378
5394
6110
5389
5383
6105
5397
5396
5381
5392
6120
5388
5404
5399
6115
5393
5407
5406
5391
5402
6130
5398
5414
6125
5409
5403
5417
5416
5401
6140
5412
5408
6135
5419
5424
5413
5427
6150
5426
5422
5411
6145
5418
5434
5429
5423
6160
5437
6155
5436
5432
5421
5428
5444
5439
6170
5433
5447
6165
5446
5442
5431
5438
6180
5449
5454
5443
6175
5457
5456
5441
5452
6190
5448
5459
5464
6185
5453
5467
5466
5451
6200
5462
5458
6195
5474
5469
5463
5477
6210
5476
5461
5472
5468
6205
5484
5479
5473
5487
6220
5486
5471
6215
5482
5478
5494
5489
6230
5483
5497
5496
6225
5481
5492
5488
5504
5499
6240
5507
5493
6235
5506
5491
5502
5498
6250
5514
5509
6245
5517
5503
5516
5501
5512
6260
5508
5524
5519
6255
5527
5513
5526
6270
5511
5522
5518
6265
5534
5529
5537
5523
5536
6280
5521
5532
6275
5528
5544
5539
5547
5533
6290
5546
5531
5542
6285
5538
5554
5549
6300
5557
5543
5556
5541
6295
5552
5548
5559
5564
6310
5567
5553
5566
6305
5551
5562
5558
6320
5569
5574
5577
5563
6315
5576
5561
5572
6330
5568
5584
5579
5587
6325
5573
5586
5571
5582
6340
5578
5589
5594
6335
5597
5583
5596
6350
5581
5592
5588
6345
5599
5604
5607
5593
5606
6360
5591
5602
6355
5598
5609
5614
5617
5603
6370
5616
5601
6365
5612
5608
5624
5619
6380
5627
5613
5626
6375
5611
5622
5618
6390
5634
5629
5637
5623
6385
5636
5621
5632
6400
5628
5644
5639
5647
6395
5633
5646
5631
6410
5642
5638
5649
5654
6405
5657
5656
5643
6420
5641
5652
5648
5664
5659
6415
5667
5666
5653
6430
5651
5662
6425
5658
5674
5669
5677
6440
5676
5663
6435
5661
5672
5668
5684
5679
6450
5687
5686
5673
6445
5671
5678
5682
5694
6460
5689
5696
5697
5683
6455
5681
5688
6470
5692
5704
5699
6465
5706
5707
5693
5691
6480
5698
5702
5714
6475
5709
5716
5717
5703
6490
5701
5708
5712
6485
5724
5719
5726
5727
5713
6500
5711
6495
5718
5722
5734
5729
5736
5737
6510
5723
6505
5721
5728
5732
5744
5739
6520
5746
5747
6515
5733
5731
5742
5738
5754
6530
5749
5756
6525
5757
5743
5741
5752
5748
6540
5764
5759
6535
5766
5767
5753
5751
6550
5758
5762
5774
6545
5769
5777
5776
5763
6560
5761
6555
5772
5768
5784
5779
5773
5786
5787
6570
6565
5778
5771
5782
5794
5789
5797
5783
5796
6580
6575
5781
5788
5792
5804
5799
6590
5793
5806
5807
6585
5791
5802
5798
5814
5809
6600
6595
5803
5816
5817
5801
5812
5808
5824
6610
5819
6605
5813
5827
5826
5811
5822
6620
6615
5818
5834
5829
5823
5837
5836
6625
6630
5832
5821
5828
5844
Sentinel written
Sentinel written
Sentinel written
Sentinel written
Sentinel written
Sentinel written
Sentinel written
Sentinel written
Sentinel written
Sentinel written
Hashing process 0 total hash rate: 14160.891064 MB/s
Hashing process 0 average hash rate: 283.217821 MB/s
Hashing process 0 total get rate: 2384.961853 MB/s
Hashing process 0 average get rate: 47.699237 MB/s
