100
1000
10
11
10
4
64
61
78
76
40
72
5
24
39
17
20
28
36
44
4
99
8
35
42
63
63
76
23
40
73
86
72
90
92
47
11
32
74
81
46
88
98
72
85
16
44
18
92
11
32
67
80
32
6
4
37
88
92
47
89
98
10
46
79
41
8
48
36
9
56
18
16
75
28
95
85
55
92
17
63
87
35
31
2
45
94
52
50
45
59
40
61
67
63
37
87
45
72
1
31
17
60
44
44
82
57
78
55
49
36
18
47
29
90
70
34
1
2
64
94
28
6
76
5
39
98
57
63
65
55
45
36
93
96
56
86
95
15
14
83
0
99
70
80
54
19
38
63
99
35
64
10
21
90
88
61
98
42
70
3
69
67
88
20
13
9
20
2
96
83
86
75
76
55
48
89
67
94
75
99
60
89
98
42
40
94
81
86
21
0
30
67
24
49
42
8
22
57
92
1
85
80
14
70
93
6
76
76
94
42
93
88
76
5
6
79
37
47
41
94
69
56
39
39
80
9
38
48
87
19
94
49
86
74
95
82
98
37
13
19
33
61
49
47
39
82
55
42
52
56
79
49
90
44
3
79
79
93
82
85
3
51
25
1
58
20
68
17
45
97
97
86
68
70
69
87
17
77
42
93
82
92
69
36
94
12
75
63
76
82
37
49
23
76
37
74
47
48
67
18
25
53
66
61
23
2
46
92
34
95
69
97
81
39
33
86
37
92
0
29
0
69
17
18
80
7
94
81
45
94
33
60
78
36
58
69
39
98
90
34
18
59
13
46
9
56
16
7
20
29
80
29
60
61
73
82
60
56
15
85
6
54
29
64
17
12
87
38
14
85
77
72
31
30
44
98
86
36
88
42
48
77
63
49
66
53
75
79
77
57
35
26
18
32
61
85
45
53
35
82
22
14
65
48
60
91
27
37
78
36
82
87
19
81
75
18
86
94
31
34
37
49
60
78
58
60
74
48
67
41
6
20
91
48
30
92
94
50
58
50
11
45
62
78
58
99
71
46
19
15
18
75
56
29
60
71
42
17
91
92
61
77
19
76
0
19
36
39
91
54
98
14
60
1
19
30
18
27
48
26
91
56
42
88
76
76
37
80
87
61
15
30
12
19
59
72
32
55
8
56
62
30
85
96
8
56
15
13
59
91
59
41
96
76
6
91
49
1
70
65
80
44
65
86
21
44
72
79
4
15
73
28
6
6
95
75
31
64
3
10
66
43
34
37
80
37
14
47
45
38
93
6
48
10
73
14
9
27
19
83
86
64
26
85
89
1
17
97
61
2
40
37
81
91
84
18
18
90
65
19
51
74
37
61
13
64
46
92
65
31
42
2
99
76
33
71
21
37
26
97
25
26
40
18
32
39
69
75
22
62
82
31
55
29
59
10
69
80
88
36
47
19
59
2
41
44
46
79
16
61
53
53
93
19
48
26
31
67
96
76
19
98
41
11
95
21
24
47
97
20
72
90
55
27
55
96
20
99
42
40
76
70
81
90
91
83
59
74
86
79
37
19
98
42
94
11
35
13
11
6
94
5
28
82
58
62
41
74
82
59
5
56
13
41
8
72
80
54
0
54
91
37
67
44
84
12
64
60
53
7
96
75
22
82
24
97
89
60
70
70
70
68
69
87
85
54
25
33
48
26
20
82
54
64
56
28
22
79
93
84
7
63
47
94
64
38
16
86
6
40
51
15
86
25
70
60
68
53
70
93
46
44
63
46
27
43
80
93
0
3
45
57
68
89
78
7
55
81
9
55
91
80
83
81
42
89
74
5
9
44
66
14
46
43
19
10
56
24
4
9
26
99
13
69
6
97
6
23
50
30
22
26
80
93
34
14
41
52
41
29
66
10
73
68
38
91
60
13
8
58
42
21
79
15
34
57
30
86
61
42
37
4
49
60
45
36
75
71
21
91
21
71
83
42
28
90
81
71
84
49
16
77
63
10
4
2
67
51
2
50
37
20
11
17
30
95
8
1
81
18
81
93
9
6
79
34
70
79
90
15
37
28
28
68
24
61
79
77
32
58
27
47
44
53
52
6
92
8
72
34
74
50
9
1
68
81
34
30
10
23
81
83
4
28
36
9
38
0
67
83
89
14
71
69
56
13
24
33
77
85
59
68
72
58
26
29
35
84
59
23
3
30
16
90
12
70
3
72
83
46
68
51
0
5
82
68
85
62
97
51
75
55
41
77
15
11
76
1
42
47
18
30
83
82
84
29
44
69
65
49
26
34
54
95
55
93
13
27
1
2
28
4
